0.096256 183
0.016797 67
0.235972 1
2.155979 1
0.112478 1
0.243505 1
0.132506 1
0.139995 1
0.323503 1
0.440489 1
0.175510 1
0.104492 1
0.148003 1
0.131996 1
0.600011 1
0.135497 1
0.115999 1
0.112492 1
0.607516 1
0.128483 1
0.103510 1
0.116493 1
0.159506 1
0.308495 1
0.227512 1
0.116487 1
0.171503 1
0.176493 1
0.063499 1
0.288507 1
0.179507 1
0.260496 1
1.795512 1
0.151995 1
0.100491 1
0.051497 1
1.360012 1
0.112489 1
0.112005 1
0.111994 1
0.180014 1
0.415489 1
0.148499 1
0.055494 1
0.096517 1
0.159492 1
0.019984 1
0.224512 1
0.219498 4
0.360512 1
0.163492 1
0.120502 1
0.223495 1
0.272501 1
0.071498 1
0.240508 1
0.015490 4
0.436513 4
0.131991 1
0.127507 1
0.072488 1
0.191515 1
2.136504 1
0.747994 1
0.231495 1
0.100500 1
0.147498 1
1.060010 4
0.575996 3
0.972504 1
2.271504 1
0.083993 1
0.116491 1
0.616010 1
0.175498 1
0.224490 4
0.855520 4
0.164489 1
0.339497 1
0.172505 1
0.283498 1
0.656504 1
0.247493 1
0.428001 1
0.120491 1
0.063501 1
1.572022 1
0.503996 1
0.616505 1
0.075984 1
0.275499 1
0.096508 1
0.091988 1
0.483509 1
0.080492 1
0.104003 1
0.007491 4
0.640006 4
0.136501 1
0.227507 1
0.039986 2
0.720032 72
0.044488 65
0.139511 109
0.179980 28
3.756518 2
2.459992 39
0.055997 114
0.007505 1
2.508004 1
0.355998 1
0.211987 1
0.228001 1
0.084492 1
0.392013 1
0.279494 1
0.239999 1
0.364003 19
1.424503 1
1.431506 1
0.387999 1
0.167995 1
0.279993 18
0.992009 1
1.752001 1
0.107992 1
0.124498 1
0.744011 1
0.844002 1
0.324004 1
0.407994 1
0.859994 1
0.251990 1
0.443512 18
1.000002 1
1.592505 1
0.359982 1
0.428006 1
0.460007 1
0.475993 1
0.431504 1
0.432003 1
0.387998 1
0.408499 1
0.351996 13
0.927504 1
1.056005 1
0.396004 1
0.431994 1
0.440002 1
0.431993 1
0.424002 1
0.444502 1
0.407993 1
0.432003 1
0.435999 2
0.847998 34
0.051507 1
1.228503 2
0.804040 67
0.011970 1
2.075492 1
0.084485 1
0.240001 1
1.763511 1
0.256488 1
0.091507 1
0.079999 1
0.135996 1
0.132508 1
0.331999 1
0.179994 1
0.475513 4
0.344486 1
0.123505 1
0.152495 1
0.083507 1
0.263998 1
0.256494 1
0.115500 1
0.108498 1
0.023497 1
0.984518 1
0.319493 1
0.432498 1
0.099500 1
0.316012 1
0.208484 1
0.239504 1
0.132497 1
0.099497 1
0.092497 1
0.132008 1
0.407509 1
0.064492 1
0.123992 1
0.140003 1
0.403511 1
0.108486 1
0.123510 1
0.168499 1
0.167495 1
0.084496 1
0.127998 1
0.143501 1
3.112521 1
0.143485 1
0.104501 1
0.112008 1
0.255490 1
0.868509 1
0.075489 1
0.223998 1
0.140513 1
0.131495 1
0.156494 1
0.264001 1
0.463512 1
0.492497 1
0.159493 1
0.116499 1
0.019989 1
0.163513 1
0.012486 1
1.288022 1
0.307500 1
0.383996 1
0.080002 1
0.148489 1
0.383508 1
0.236494 1
0.067495 1
0.092498 1
0.404018 1
0.223493 1
0.140493 1
0.291512 1
0.228491 1
0.167504 1
0.040494 1
0.227500 1
0.812514 4
2.152001 3
0.899498 1
1.084002 1
0.176488 1
0.055498 1
0.056002 1
0.044495 1
0.115512 1
0.232497 1
2.091508 1
0.127990 1
0.092495 1
0.043502 1
0.100002 1
0.076496 4
0.275517 1
0.808493 1
1.543956 1
0.011538 1
0.152001 1
0.100500 1
0.087495 1
0.108497 4
0.315514 4
0.500496 4
0.035992 4
0.023996 4
0.031506 4
0.176508 1
0.548000 1
0.163501 1
0.152494 1
0.135508 1
0.120490 1
0.356004 1
0.147494 1
0.156008 1
0.120493 4
0.515513 4
0.500486 4
0.028008 4
0.031493 4
0.032011 4
0.027987 4
0.031999 4
0.031996 4
0.028006 4
0.027995 189
1.168030 67
0.012499 1
2.239996 1
0.095479 1
0.212506 1
0.323509 1
0.112484 1
0.100005 1
0.179995 1
0.151501 1
0.020001 1
0.372509 1
0.271500 1
0.900010 1
0.163988 1
0.252493 1
0.363508 1
0.188495 1
0.039494 1
0.208013 2
2.304027 23
0.148504 67
0.023478 1
3.219996 1
0.384494 1
0.183503 4
0.288003 4
0.140492 1
0.783518 1
0.056479 1
0.135993 2
0.208027 25
0.159537 67
0.016068 1
5.895890 1
0.068480 1
0.207500 1
0.276510 1
0.267503 1
0.296491 1
0.580008 1
0.091988 1
0.115510 1
0.164009 1
0.108481 1
0.099514 1
0.271995 1
0.160492 1
0.311513 1
0.408489 1
0.199512 1
0.136484 1
0.135514 1
0.092496 1
0.187993 1
0.271504 4
0.328512 1
0.135489 1
0.140501 1
0.143499 1
0.071996 4
0.940511 3
0.656003 1
0.983503 2
0.216041 59
0.219983 1
3.328476 1
0.243491 1
0.144499 1
0.207499 1
0.692006 1
0.240503 4
0.683582 4
0.499910 4
0.028568 4
0.031929 1
0.027989 1
0.031995 1
0.027507 1
0.032491 1
0.028022 1
0.031501 1
0.644494 1
0.531504 1
0.264498 7
0.171495 18
2.660554 69
0.011960 1
0.991503 1133
0.072510 69
0.021252 1
7.182236 1
0.196486 1
0.059995 1
0.107502 1
0.092505 8
0.139535 69
0.011980 1
0.632493 302
0.095514 205
0.000026 138
0.000022 65
0.000020 69
0.000021 143
0.000042 148
0.000022 63
0.000021 69
0.016318 1
2.199496 1
1.204496 1
0.435502 1
0.160489 4
0.363508 4
0.500496 4
0.031991 4
0.031504 1
0.027994 1
0.032499 1
0.027995 1
0.032008 1
0.027996 1
0.031999 1
0.219506 1
0.120506 1
0.204003 1
0.335995 1
0.279508 1
1.032503 121
1.395513 69
0.012494 1
2.767500 1
0.092480 1
0.231502 4
0.676512 1
0.119497 1
0.212489 1
0.256023 1
0.223980 1
0.163501 1
0.208002 1
0.424505 1
0.243493 1
0.088493 1
0.163513 1
0.780007 1
0.080487 1
0.531505 1
0.464501 1
0.207500 1
0.112493 1
0.115496 1
0.116000 1
0.200507 1
0.171502 1
0.128497 1
0.179496 1
0.068496 4
1.111517 3
0.600497 1
0.871502 1
0.648497 1
0.823509 1
0.156484 1
0.059503 4
0.256505 1
0.968000 1
0.179501 10
0.220493 2
1.775516 78
0.004000 42
0.036498 42
0.031493 61
0.032497 69
0.024025 1
4.447991 1
0.643489 1
0.328493 1
0.211500 5
0.188495 1
0.908010 1
1.235502 1
0.156489 9
0.183507 2
2.024026 78
0.003972 44
0.032511 42
0.032005 62
0.032033 69
0.027994 5
4.068075 1
10.011946 1
0.027447 1
0.928494 1
0.235997 4
0.507500 1
0.247995 1
0.064368 4
0.200132 63
5.203609 69
0.012410 1
2.151503 1
0.244475 4
0.416004 1
0.492003 1
0.047494 1
0.112495 1
0.228012 1
0.175493 1
0.196501 1
0.171503 1
0.228499 1
0.007486 1
0.200518 1
0.147492 4
0.404511 4
0.327498 4
0.164497 1
0.323505 1
0.208486 1
0.216004 1
0.967516 4
0.543995 1
0.276495 1
0.119495 1
0.116496 1
0.415512 1
0.340496 1
0.143499 1
0.080490 1
0.407514 1
0.452497 1
0.127499 1
0.172006 1
0.096491 1
0.075497 1
0.148503 1
0.123501 4
0.752505 3
0.452003 1
0.499498 1
0.096488 1
0.079510 1
0.060498 1
0.156000 1
1.224003 1
0.071489 1
0.236516 1
0.115488 1
0.060495 4
0.224015 2
0.711510 4
1.280046 69
0.011948 13
0.268496 1
0.736006 1
0.299989 12
0.416031 69
0.011979 1
1.371504 1
0.103976 1
0.096501 1
0.083999 1
0.240012 1
0.191497 1
0.320500 1
0.235510 4
1.016002 4
0.123998 1
0.676495 1
0.083494 1
0.412506 1
0.179494 5
0.172508 1
1.043501 1
1.196497 1
0.191494 1
0.072504 1
0.071488 1
0.108000 1
0.088005 1
0.464505 1
0.235505 1
0.132488 4
0.500009 1
0.267496 1
0.160006 1
0.636008 1
0.627995 1
0.264494 1
0.171495 1
0.104494 1
0.287514 4
0.340497 4
0.139497 1
0.152500 1
0.383502 1
0.272496 1
0.575521 1
0.152486 1
0.175497 4
0.316003 4
0.127995 1
0.412507 1
0.095487 4
0.652016 1
0.196492 1
0.111496 2
1.656521 207
0.008019 69
0.015995 1
2.399484 1
0.124490 1
0.203990 1
1.167511 1
0.096488 1
0.159513 1
0.188487 1
0.203505 1
0.136497 1
0.404005 1
0.147500 1
0.252500 1
0.127495 1
0.104001 1
0.604509 1
0.215496 1
0.392000 1
0.176500 1
0.135497 1
0.608510 1
0.283497 1
0.296490 1
0.103504 1
0.180501 1
0.115997 1
0.247505 1
0.272497 1
0.239505 1
0.196492 1
0.387505 1
0.092488 1
0.263515 1
0.328493 1
0.263505 1
0.088492 1
0.099504 1
0.640006 1
0.216502 1
0.515992 1
0.235499 1
0.356512 1
0.299501 1
0.140480 1
0.111507 1
0.096496 4
0.539515 3
0.672003 1
0.727992 4
0.383999 1
0.216000 1
0.096494 4
0.799513 1
0.660492 1
0.211506 1
0.164483 1
0.191515 1
0.344495 1
0.135500 1
0.095994 1
0.100495 1
0.220006 1
0.959515 1
0.100482 1
0.168000 1
0.047501 1
0.336507 1
0.155493 1
0.208514 1
0.139492 1
0.148498 1
0.091494 1
0.140498 1
0.188015 1
0.287493 1
0.096506 1
0.095487 1
0.180503 1
0.188001 1
0.107504 1
0.144493 1
0.075998 1
0.476008 1
0.051996 1
0.135507 1
0.700507 1
2.028000 1
0.499496 1
0.452504 4
0.903504 1
0.244484 1
0.567512 4
1.568499 3
0.779498 1
1.112007 1
0.072480 1
0.191511 1
0.676496 1
0.135494 1
0.044000 1
0.168507 1
0.091491 1
0.128505 1
0.099997 1
0.167509 1
1.280505 1
0.107993 1
0.088005 1
0.440033 1
0.299465 1
0.208500 1
0.827500 1
0.100487 1
0.104011 1
0.155993 1
0.163501 1
0.112498 1
0.164004 1
0.087496 1
0.572018 4
1.800503 3
0.363496 1
0.547998 1
0.196493 1
3.176009 1
0.119487 1
0.264504 1
0.055488 2
0.608527 21
0.012007 260
0.015990 6
0.004112 85
0.007956 767
0.007920 482
0.003985 235
0.004000 107
0.012146 55
0.003906 611
0.003967 82
2.184015 38
0.091491 38
0.107993 38
0.136501 38
1.151503 38
0.176493 38
0.075500 38
0.043998 38
0.092008 38
0.095990 38
0.208501 1
0.560018 38
0.363497 38
0.204488 38
0.175506 38
1.120497 38
0.107500 38
0.128505 38
0.187496 38
0.248498 38
0.271504 38
0.164492 38
0.087504 38
0.092495 38
0.408003 38
0.039509 38
0.344493 38
0.167501 38
0.208499 1
0.368007 4
0.127504 38
0.120486 38
0.175512 38
0.732500 38
0.163993 38
0.067497 38
0.092504 38
0.211494 38
0.336503 38
0.139499 38
0.136501 38
0.487502 38
0.572505 38
0.147991 38
0.147503 38
0.148503 38
0.259498 38
1.020503 38
0.203997 38
0.039999 38
0.219506 38
0.184489 38
0.259507 38
0.524011 38
0.144485 38
0.071498 38
0.344005 38
0.376502 38
0.291495 38
0.108494 38
0.095511 38
0.083994 38
0.464507 38
0.815501 38
0.120497 38
0.063500 38
0.435999 38
0.696500 38
0.547503 38
0.228495 38
0.515507 38
0.268490 38
0.335505 38
0.280496 38
2.451508 38
0.132493 38
0.204000 38
0.283505 38
0.196499 38
0.131495 38
0.272505 4
0.335513 38
0.300493 38
0.139492 4
0.312501 4
0.123499 38
0.240503 38
0.115493 38
0.380011 38
0.304490 38
0.087500 38
0.276503 38
0.463502 38
0.144495 38
0.463525 38
0.768480 38
0.163998 38
0.275502 8
0.276506 1
0.499497 4
0.032496 4
0.027498 4
0.032498 4
0.032009 4
0.027993 38
0.796005 38
0.223498 38
0.200502 38
0.167497 38
0.244503 38
0.195492 38
0.120502 38
0.075999 38
0.119505 38
0.243996 38
0.832506 38
0.079498 38
0.160495 38
0.107498 38
0.768507 68
1.775508 38
1.256493 38
0.151501 38
0.232497 38
0.167498 38
0.156500 38
0.143504 38
0.200498 38
0.203509 38
0.207993 6
0.380507 38
0.263490 38
0.232500 38
0.131503 38
0.336498 38
0.131500 38
0.115994 38
0.104500 38
0.172010 38
0.247492 38
0.168504 38
0.167506 38
0.172488 38
0.196007 38
0.171495 38
0.176496 38
0.479510 38
0.948006 38
0.256491 38
0.691505 38
0.171990 38
0.140509 38
0.075988 38
0.179505 69
0.876507 69
0.191502 128
1.524015 90
1.451987 82
0.728003 90
0.204494 82
1.499502 90
0.256498 82
2.000020 90
0.603481 82
0.844000 90
0.300504 82
0.479496 64
0.604004 80
0.212497 832
0.831530 78
3.636476 339
1.184007 12
0.799485 140
0.208004 34
2.328506 34
0.895494 39
0.204496 34
0.983504 62
0.192506 715
0.020005 34
1.235494 675
1.052507 77
3.907492 69
0.256501 69
0.139492 69
0.088510 69
0.475491 69
0.144497 69
0.244006 69
0.143499 7
1.180498 3
1.511998 34
0.460000 34
0.403511 1
1.176494 34
0.495993 34
0.535505 1
0.424494 1
0.163496 38
0.484009 38
0.144498 38
0.071495 38
0.196507 38
0.160001 38
0.147499 38
0.152496 38
0.119508 38
0.124006 38
0.076484 38
0.095503 38
0.144497 38
0.455511 38
0.063999 38
1.432499 38
0.063493 38
0.160497 38
0.287508 41
0.648007 38
0.920000 38
0.247991 38
1.144503 38
0.103500 38
0.156013 38
0.187981 38
0.084497 38
0.103502 38
0.108002 38
0.264500 38
0.303503 38
0.152521 38
0.043471 38
0.088515 38
0.491511 38
0.124475 38
0.335513 38
0.152493 38
0.223499 38
0.472503 41
0.335503 38
0.116494 38
0.131498 38
0.212502 38
0.251507 38
0.360489 38
0.232001 38
0.499504 38
0.172500 38
0.268002 38
0.083498 38
0.148497 38
0.148002 38
0.687507 38
0.864503 70
0.907991 69
0.499504 69
0.092501 70
0.291500 3
0.652495 34
0.759503 34
0.152128 1
0.883871 36
0.684497 36
0.116006 114
0.791496 55
0.811999 38
0.488503 38
0.047495 38
0.160496 38
0.159508 38
0.188493 38
0.215504 38
0.128495 38
0.099504 38
0.095996 38
0.168008 38
0.300496 38
0.151502 38
0.112498 38
0.175502 38
0.140502 38
0.351499 38
2.076503 38
0.063487 38
0.172510 38
0.279500 38
0.716504 41
0.579501 38
0.216491 38
0.183506 38
0.500497 38
0.115502 38
0.252497 38
0.239502 38
0.212493 38
0.112003 38
0.091503 38
0.072488 38
0.116005 38
0.087505 38
0.099999 38
0.108006 38
0.199994 38
0.132499 38
0.083500 38
0.052004 38
0.532006 38
0.072490 38
0.135501 38
1.636507 38
0.219506 38
0.176490 38
0.083496 38
0.140506 38
0.479497 38
0.144498 38
0.387506 38
0.156496 38
0.211997 38
0.239503 38
0.148500 38
0.471503 38
0.120494 38
0.289263 38
0.174741 38
0.111512 38
0.115991 38
0.424001 38
0.832497 38
0.299999 38
0.223500 38
0.252498 38
0.375498 38
0.184503 38
0.243534 38
0.144467 38
1.523510 41
1.488493 38
0.735498 38
0.104492 38
0.103525 38
0.404484 38
0.171503 38
0.096508 38
0.451485 38
0.152496 41
0.404005 38
0.435501 41
0.468495 38
0.387502 38
0.032018 38
0.148482 38
0.203502 38
0.264497 38
0.139502 38
0.244509 38
0.143494 38
0.240000 38
1.244000 38
0.224495 38
0.231505 38
0.104496 38
0.243997 38
0.160003 38
0.139502 38
0.095995 38
0.220504 38
0.575500 38
0.168495 38
0.187508 38
0.132499 38
0.351996 38
0.143503 38
0.211997 38
0.168498 38
0.123505 38
0.075996 38
0.204507 38
0.291501 38
0.360494 38
0.235502 38
0.176496 38
0.159504 38
0.160493 38
0.051996 38
0.167505 38
0.168500 83
0.104001 39
0.143513 38
0.156001 1
1.348495 8
0.499993 1
0.027993 1
0.031502 1
0.028498 1
0.031500 1
0.032504 1
0.027495 1
0.032496 1
0.027509 1
0.031998 1
0.027992 1
0.032501 1
0.027499 1
0.032502 1
0.027502 1
0.032499 1
0.028533 1
0.031466 1
0.027501 1
0.032502 1
0.031504 1
0.028491 1
0.031497 1
0.032496 1
0.031514 1
0.028492 1
0.031499 1
0.028497 1
0.032012 1
0.027991 1
0.031503 1
0.032494 1
0.027505 1
0.032503 1
0.027497 1
0.032502 1
0.027499 1
0.032496 1
0.031516 1
0.027983 1
0.032513 1
0.027495 1
0.032499 1
0.027509 1
0.032488 1
0.027498 1
0.032503 1
0.027998 1
0.032008 1
0.027990 1
0.195516 1
0.148490 1
0.115502 1
0.320505 52
0.619511 34
1.376002 34
0.528502 71
0.527494 71
0.200497 181
0.139570 79
0.124427 70
0.723507 71
0.324502 71
0.143505 68
0.500498 105
1.035493 34
1.084498 34
1.127504 34
0.108491 34
0.579510 1
0.268499 1
0.255491 38
0.676504 38
0.255512 38
0.155997 38
0.240494 38
0.527505 38
0.128485 38
0.415510 38
0.184492 38
0.971506 38
0.172501 38
0.143496 38
0.252499 38
0.223504 38
0.472499 38
0.039497 38
0.220504 38
0.191503 38
0.168496 41
0.359503 38
0.196500 38
0.279994 38
0.459528 38
0.124474 38
0.235500 38
2.472502 38
0.087502 38
0.196499 38
0.211501 38
0.264507 38
0.083498 38
0.135995 38
0.172499 38
0.083492 38
0.260506 38
0.159997 38
0.167504 38
0.203998 38
0.148507 38
0.151492 38
0.156499 38
0.087504 38
0.256498 38
0.179502 38
0.296505 38
0.259491 38
0.132503 38
0.151500 38
0.216001 38
0.408006 38
0.099994 38
0.872502 38
0.143502 38
0.156493 38
0.117046 38
0.738464 38
0.124495 38
0.279503 38
0.243995 38
0.152495 38
0.148002 38
0.383504 38
0.140495 38
0.128007 38
0.131495 38
0.211997 38
0.152503 38
0.135498 38
0.220003 38
0.084500 38
0.175999 38
0.155499 38
0.216504 38
0.239499 38
0.124496 38
0.123507 38
0.240494 38
0.015984 38
0.815522 38
0.640507 41
0.651503 38
0.320499 38
0.143491 38
0.128496 38
0.159501 38
0.348501 38
0.263501 38
0.180498 38
0.427504 38
2.548506 38
0.371493 38
0.252504 41
0.999500 41
0.152494 41
0.180004 38
0.395501 38
0.103991 38
0.136008 38
0.436493 38
0.272005 38
0.247494 38
0.276501 38
0.387510 38
0.148494 38
0.260000 38
0.443509 38
1.052493 38
0.183497 38
0.176494 38
0.248008 41
0.463507 38
0.648498 38
0.179997 38
0.067496 41
0.468498 41
0.127501 38
0.168496 38
0.143502 38
0.088503 38
0.415505 38
0.180492 38
0.127504 38
0.272499 38
0.163498 38
0.272500 38
0.063503 38
0.172495 38
0.227512 38
0.392489 38
0.059521 38
0.140483 38
0.123499 38
0.384501 38
0.159500 41
0.456503 38
0.147494 38
0.176497 38
0.591507 38
0.108000 38
0.084494 38
0.288003 38
0.159497 38
0.044498 38
0.284004 38
0.583505 38
0.124492 38
0.275503 38
0.116499 114
0.699502 111
0.616508 70
0.719500 7
0.872498 34
0.535995 34
0.159500 3
0.204494 34
0.455506 34
0.124498 34
0.123504 3
0.248498 34
0.279499 34
0.128002 34
0.256495 34
0.244000 34
0.127499 34
0.316505 4
0.375505 4
0.140491 34
0.271508 34
0.108494 34
0.115501 34
0.456505 34
0.123989 3
0.376010 34
0.303499 8
0.436497 34
0.375505 34
0.060495 34
0.139512 34
0.100483 3
0.543512 34
0.756498 34
0.143495 34
0.120507 3
0.115489 34
0.112502 34
0.095498 34
0.120508 3
0.179498 34
0.164491 34
0.076007 34
0.487503 34
1.140003 34
0.188001 34
0.100487 34
0.155508 3
0.420498 34
0.331499 34
0.104497 34
0.075501 34
0.148499 3
0.079995 34
0.123507 34
0.087996 34
0.140009 3
0.132491 34
0.183504 34
0.104001 34
0.168000 34
0.163999 4
0.632511 34
0.143492 34
0.412496 34
0.135504 34
0.444496 4
0.567505 70
1.268002 71
0.164498 105
0.771499 1
0.452498 34
0.912003 34
0.864000 34
0.107501 34
1.080001 1
0.452498 1
0.183493 38
0.376786 38
1.059724 38
0.187497 38
0.020503 38
0.287494 38
0.144496 38
0.059502 38
0.224504 38
0.283503 38
0.307995 38
0.144496 38
0.143505 38
0.852009 38
0.104493 38
0.099996 38
0.199500 38
0.304504 38
0.143500 38
0.124494 38
0.723519 38
0.072481 38
0.391505 38
0.164497 38
0.520000 68
0.595507 8
1.251995 105
0.752524 2
0.975478 34
1.008003 34
0.244500 1
0.679504 36
0.659996 36
0.771997 113
0.435994 56
0.808504 38
0.591506 38
0.152490 38
0.167501 38
0.412509 38
0.163502 38
0.116000 38
0.143989 38
0.204500 38
0.340003 38
0.331503 38
0.280492 38
0.268009 38
0.111495 38
0.160006 38
0.064503 38
0.343993 38
0.259501 38
0.140497 38
0.123997 38
0.712005 38
0.275497 38
0.276503 38
0.619998 38
0.231499 38
0.064502 38
0.656007 38
0.371500 38
0.400496 38
0.103496 38
0.136016 38
0.283986 38
3.404003 38
0.308507 38
0.351492 38
0.224505 38
0.055495 38
0.076499 38
0.151499 38
0.023987 38
0.768515 38
0.803999 38
0.047493 38
0.252504 38
0.091499 38
0.132004 38
1.476503 38
0.075490 38
0.400510 38
0.155494 38
0.584506 38
0.135501 38
0.128489 38
0.227501 44
0.748009 8
1.000004 38
0.019979 38
1.408516 38
0.111494 38
0.104000 38
0.040493 38
0.255512 38
0.319995 38
0.116501 38
0.275500 38
0.072490 38
0.168005 38
0.127510 38
0.545487 1
0.578507 1
0.500500 1
0.031996 1
0.027996 1
0.032006 1
0.027992 1
0.032001 1
0.027505 1
0.031993 1
0.028504 1
0.031994 1
0.031501 1
0.028501 1
0.027501 1
0.032503 1
0.031492 1
0.028505 1
0.036000 1
0.023494 1
0.032508 1
0.031500 1
0.028491 1
0.031500 1
0.028500 1
0.031517 1
0.031988 1
0.028496 1
0.031503 1
0.032496 1
0.027507 1
0.032499 1
0.027499 1
0.032493 1
0.028002 1
0.315517 1
0.152495 1
0.279506 3
0.280496 42
0.560003 38
0.255501 38
0.260496 38
0.215504 38
0.048495 38
0.095501 38
0.124500 38
0.035495 38
0.508019 38
0.463995 38
0.044493 38
0.087999 38
0.235997 1
1.399512 3
0.499992 3
0.027995 3
0.032502 3
0.027496 3
0.032496 3
0.027500 2
0.032503 1
0.031501 3
0.027996 3
0.032002 3
0.028493 3
0.032006 3
0.028000 3
0.031504 2
0.032494 1
0.031498 3
0.028514 3
0.031485 3
0.028508 3
0.031492 3
0.028502 1
1.127519 1
0.500496 1
0.035986 1
0.023506 1
0.032493 1
0.027501 1
0.032007 1
0.032497 1
0.027503 1
0.032498 1
0.027499 1
0.031999 1
0.032495 153
0.811511 56
0.236507 38
0.219503 38
0.472493 42
0.095500 38
0.076002 38
0.092493 38
0.059504 38
0.529274 38
0.495259 38
0.031966 38
0.031506 38
0.028491 42
1.395514 38
0.064487 38
0.111504 38
0.116498 38
0.059504 38
0.892506 42
0.303502 38
0.067989 38
0.772504 38
0.403500 38
0.424495 2
0.483519 1
0.500480 3
0.031498 3
0.028495 3
0.031502 3
0.028504 3
0.031496 3
0.028000 2
0.032030 1
0.028476 3
0.031493 3
0.032499 3
0.031496 3
0.028497 3
0.028038 1
0.219981 1
0.151494 38
0.628509 38
0.500002 38
0.031495 38
0.028494 38
0.031500 38
0.027999 38
0.032502 38
0.027502 38
0.032497 38
0.027499 38
0.032497 38
0.027504 38
0.032498 38
0.031502 38
0.028495 38
0.299522 9
1.052494 72
2.155500 71
0.251996 71
0.420500 71
0.363503 3
29.936506 34
2.391501 34
0.160486 34
0.607511 34
0.744499 34
0.131500 3
0.655996 34
5.188510 34
0.159494 34
1.868500 34
2.319505 34
0.276486 34
0.324002 34
0.235505 34
0.380500 34
0.215993 34
0.355514 3
0.464491 34
0.239497 1
0.312505 34
1.059995 34
0.267500 34
4.788508 34
0.871502 34
0.107989 34
0.416009 34
0.152487 34
0.499510 34
0.148496 34
0.427504 3
0.612495 34
1.027509 34
0.132496 3
0.199493 34
1.000507 34
0.155497 34
0.124494 34
0.151509 34
0.080490 34
0.119505 34
0.916008 3
0.268490 34
0.395512 34
0.111990 3
0.172500 3
0.327501 1
0.436498 34
0.451507 34
0.072488 35
0.156004 34
1.527514 122
1.127994 122
0.284496 4
0.439507 4
0.176489 4
0.119503 4
0.348002 1
0.316497 1
0.499504 1
0.033501 1
0.030985 1
0.031497 1
0.028500 1
0.032005 1
0.027498 1
0.031993 1
0.028023 1
0.032481 1
0.028010 1
0.031490 1
0.032007 1
0.368502 1
0.159500 38
0.508505 4
7.848007 70
0.867498 6
0.248498 7
0.179495 2
0.164499 8
0.167507 8
0.168495 8
0.167499 4
0.156500 8
0.399502 34
3.272008 34
0.108488 34
0.411506 34
0.140494 34
0.131506 34
0.100493 34
0.095502 34
0.112502 34
0.095498 34
0.116506 3
0.791501 34
0.144495 1
0.107498 34
1.688510 34
0.379495 34
1.444502 34
0.415510 34
0.172483 34
0.320004 34
0.132005 34
0.183511 34
0.148481 34
0.099505 3
0.655996 34
0.492525 34
0.139475 3
0.256497 34
0.240003 34
0.071497 34
0.132503 34
0.147504 34
0.064489 34
0.087504 34
0.436508 3
0.443499 34
0.368496 34
0.079505 3
0.192490 34
0.199512 34
0.116494 34
0.427995 70
2.052005 8
0.339501 4
0.156493 1
0.416003 1
0.288003 1
0.179502 1
0.160493 1
0.163501 1
0.172500 5
0.163508 1
0.176493 3
0.540010 104
1.107995 26
0.367498 34
0.376502 34
0.119990 34
2.095513 34
0.676498 34
0.135498 34
0.128492 34
0.091503 34
0.112500 34
0.403508 149
0.496489 18
0.691510 34
0.164497 1
0.139502 34
1.916002 34
0.108498 34
0.903998 34
1.008002 34
0.307511 34
0.140484 34
0.167508 34
0.232496 34
0.359505 34
0.368494 3
0.567504 34
0.308493 34
0.119507 3
0.156490 34
0.627510 34
0.072491 4
1.055516 8
0.476489 1
0.807509 4
0.140491 8
0.183500 3
0.808497 1
0.355510 34
0.140488 34
0.063504 34
0.660505 34
0.171498 34
0.340498 34
0.311998 34
0.105182 34
0.134815 34
0.036004 3
0.375507 34
0.372490 34
0.151502 34
0.128498 3
0.127515 34
1.252494 34
0.247499 34
0.499998 34
0.156497 34
0.199503 34
0.052491 34
1.967512 34
0.060488 34
0.731512 34
0.175998 34
0.096496 34
0.335509 34
0.287996 34
0.156494 34
0.083513 34
0.156488 3
0.260002 34
0.223506 34
0.156503 34
0.143989 34
0.127500 70
0.820004 8
0.240496 4
0.175502 1
0.392503 1
0.271499 1
0.156492 1
0.155502 1
0.372502 1
0.163503 5
0.164501 1
0.159991 3
0.735510 34
1.736010 34
0.148482 34
1.079510 34
1.252498 34
0.147497 34
0.188003 34
0.200493 34
0.207508 34
0.376497 34
0.411996 3
0.651511 34
0.132488 1
0.091500 34
1.636015 34
0.156489 34
0.943999 34
0.499505 34
0.032494 34
0.032008 34
0.027992 34
0.031995 34
0.031508 34
0.495999 3
0.844006 34
0.960501 34
0.063983 34
0.403512 34
0.084495 34
0.103504 34
0.252494 34
0.123506 34
0.236499 1
1.263502 1
0.500501 1
0.031498 1
0.032503 1
0.027841 1
0.031645 1
0.028493 1
0.275514 50
0.604500 50
0.159503 50
0.116495 4
0.768003 70
0.327529 34
1.571995 34
0.100469 3
0.236128 34
0.647386 34
0.008473 3
0.299522 34
0.480000 34
0.124001 34
0.200495 34
0.139505 34
0.140496 3
0.199998 1
0.420005 34
0.199499 3
0.208000 34
0.232505 34
0.071492 34
0.092497 34
0.071500 3
0.136507 34
0.143998 34
0.091500 34
0.416008 3
1.580004 34
0.680489 34
0.127499 34
0.268499 34
0.131500 34
0.131998 3
0.540006 34
1.076498 34
0.131500 34
0.404504 4
1.123500 4
0.500506 8
0.031494 1
0.028015 4
0.027977 4
0.032502 4
0.027500 4
0.032491 8
0.519515 34
0.260493 34
0.051499 3
0.252507 34
0.508000 34
0.079496 34
0.452502 3
0.223505 1
0.324493 4
0.127606 34
0.160399 3
0.383509 34
0.536485 34
0.071497 1
0.228504 34
0.372003 34
0.111504 34
0.132492 34
0.212007 3
0.180002 34
0.171499 34
0.128492 1
0.259506 34
0.108000 34
0.080495 34
0.483511 34
0.164490 34
0.059498 34
0.156604 1
1.535405 1
0.499991 1
0.036499 1
0.027995 1
0.243511 1
0.208491 49
0.599506 49
0.500503 49
0.029678 49
0.029822 49
0.028497 49
0.031988 49
0.031509 48
0.028491 49
0.031515 49
0.031993 49
0.028006 49
0.035990 49
0.024497 49
0.032004 49
0.027504 47
0.148000 49
0.148501 49
0.147499 49
0.172000 46
0.468499 8
0.223505 3
0.640497 34
0.139504 34
0.067988 34
0.104508 71
0.475500 71
0.256007 71
0.336497 3
0.263497 3
0.500505 3
0.031981 3
0.027506 3
0.032500 1
0.027508 3
0.031998 3
0.028492 3
0.031496 3
0.032505 1
0.463507 56
1.972015 66
0.716497 225
0.571554 26
1.536442 71
0.287495 157
0.444500 10
0.623502 11
0.264496 7
0.175508 12
0.160491 12
0.347507 12
0.172498 8
0.211499 12
0.320493 71
0.735508 130
1.920000 81
0.488000 71
0.236501 71
0.199498 71
0.264527 114
0.727481 51
0.576494 192
2.379499 109
1.128502 20
0.655502 20
0.192488 20
0.152005 10
0.163498 10
0.416500 8
0.391508 4
0.331998 95
2.155995 160
0.048493 81
1.283517 71
0.232494 1
1.223505 76
1.508000 38
0.188493 38
0.159504 40
1.371997 42
0.196499 42
0.147505 42
0.164493 38
1.588001 95
0.963494 160
0.029149 81
0.454876 71
0.535987 1
1.372499 1
0.147494 76
0.644504 38
0.608000 47
0.803999 41
0.195496 71
0.416000 71
0.500007 71
0.032499 71
0.031497 70
0.028003 1
0.032501 1
0.027488 1
0.032001 1
0.027994 1
0.031995 1
0.032009 1
0.028491 1
0.031521 1
0.028488 92
1.159502 156
0.036508 84
1.907505 4
0.768496 38
0.307520 38
0.032470 38
0.139504 38
0.424004 38
0.252498 38
0.119497 38
0.108496 38
0.131510 38
0.240489 38
0.263498 38
0.208505 38
0.135505 38
0.136488 38
0.212006 38
0.087991 38
0.111510 38
0.184494 38
0.203513 38
0.068492 38
0.111500 38
0.200506 38
0.135493 38
0.104500 38
0.111997 38
0.087996 38
0.851515 4
0.908501 38
0.239493 4
0.352511 38
0.211496 38
0.116492 38
0.091494 38
0.136003 38
0.208501 38
0.079501 38
0.160495 38
0.495508 38
0.088491 38
0.076027 38
0.707983 142
2.900017 34
1.091498 34
0.116483 34
0.203504 36
0.228525 34
0.731480 34
0.112498 548
0.892005 139
1.099502 70
0.511993 70
0.500355 71
0.032160 70
0.035486 70
0.024005 70
0.031991 70
0.031999 70
0.028001 70
0.032499 70
0.031502 70
0.027998 70
0.028007 71
0.032490 70
0.031505 70
0.028490 67
0.031510 476
0.028498 70
0.040009 70
0.027499 70
0.032492 70
0.027503 70
0.032495 71
0.028012 70
0.031493 70
0.031998 70
0.028491 70
0.031507 70
0.028206 70
0.032298 1
0.031996 70
0.195510 70
0.500501 181
0.027991 78
0.031505 70
0.032503 70
0.027497 71
0.032512 70
0.027987 70
0.031991 70
0.631515 70
0.256492 70
0.867509 70
0.784494 70
1.035501 1481
2.868052 34
14.428455 34
1.255500 1
0.299993 36
0.680500 36
0.115998 1
0.691501 38
0.736506 38
0.395491 38
0.132501 38
0.167503 38
0.847999 38
0.196500 38
0.635503 38
0.036951 38
0.155547 41
0.492011 38
0.207497 38
0.112484 38
0.183505 38
1.048500 38
0.083500 38
0.144496 38
0.124004 38
0.171502 38
0.116491 38
0.299504 38
0.308500 38
0.107509 38
0.172487 38
0.311502 38
0.148507 38
0.147502 67
1.188496 15
0.764006 10
0.167499 70
0.344001 70
0.456496 70
0.295510 70
3.361187 70
0.339300 34
0.555521 34
0.120486 1
0.539493 36
0.628004 36
0.112543 1
0.867459 38
0.536496 38
0.259993 38
0.088002 38
0.079499 38
0.712505 38
0.616005 38
0.183500 38
0.131997 38
0.076487 38
0.115546 38
0.124463 38
0.083996 38
0.255509 38
0.228503 38
0.203492 38
0.096500 41
0.335504 38
0.260497 38
0.099503 38
0.123998 38
0.307999 38
0.451998 38
0.140501 41
0.351504 41
0.128495 38
0.128007 38
0.411503 38
0.248493 38
0.287500 38
0.116496 38
0.147505 38
0.616010 41
1.084495 41
0.279998 41
0.143500 41
0.148491 38
1.335509 38
0.128489 38
0.067515 38
0.619994 38
0.100000 38
0.095998 38
0.604503 71
1.019509 71
0.276485 71
0.343510 8
1.176497 71
1.207510 3
3.843992 34
0.864495 8
0.943504 71
0.572495 8
0.499502 3
0.432502 34
0.335502 34
0.444005 2
0.748488 34
0.683514 34
0.124485 3
0.147501 34
0.128498 34
0.107504 34
0.140004 3
0.196489 34
0.187506 34
0.088492 34
0.183507 34
0.136493 34
0.095511 34
0.072487 34
0.719513 3
0.212495 34
0.155503 34
0.108002 34
0.156493 34
0.183508 34
0.140490 34
0.091506 3
0.220500 34
0.159994 34
0.183503 34
0.143997 34
0.100501 3
0.279506 34
0.268001 34
0.456498 34
0.235507 34
0.172492 2
0.279506 34
0.164490 34
0.615513 3
0.324490 34
0.187500 8
0.476501 34
0.244001 34
0.187499 34
0.132494 3
0.199506 34
0.100497 34
0.123501 34
0.076496 34
0.311510 34
0.136490 34
0.067510 3
0.220490 34
0.183508 34
0.452002 34
0.496502 3
0.263499 34
0.252489 34
0.299509 34
0.256010 34
0.187985 34
0.580508 2
0.187496 34
0.104494 34
0.211505 4
0.416497 34
0.243511 34
0.328485 3
0.240009 34
0.340007 34
0.111493 34
0.195996 34
0.160494 34
0.351512 34
3.280502 34
0.591989 71
1.899513 72
0.128504 70
0.151497 71
0.284500 71
0.352015 71
0.415480 70
0.664498 105
0.343501 6
1.484002 70
1.760001 8
0.816493 3
0.483502 34
0.396496 34
0.119499 1
0.296500 36
0.696007 36
0.091502 36
0.295995 39
1.720512 1
1.199490 38
0.440498 38
0.147504 38
0.064487 38
0.167512 38
0.496492 38
0.147514 38
0.216492 153
0.179559 56
0.463940 38
0.072503 38
0.215498 38
0.164497 38
0.071503 38
0.359998 71
1.840009 70
0.500494 70
0.032008 70
0.027495 1
0.032502 1
0.027485 1
0.032501 1
0.031504 1
0.027990 1
0.031993 1
0.028010 1
0.031996 1
0.028002 1
0.031993 1
0.028006 1
0.031998 1
0.028017 1
0.032482 1
0.028001 92
0.827509 156
0.052507 14
0.283504 1
0.320495 140
0.871999 34
1.523506 34
0.104493 34
0.059511 36
0.247997 34
0.824496 34
0.059494 388
1.524019 78
0.871995 70
0.500490 71
0.028003 70
0.031500 70
0.031996 67
0.028496 549
0.031518 70
0.032501 70
0.027491 70
0.032001 70
0.031992 70
0.028030 71
0.031965 70
0.032503 70
0.027998 70
0.031533 70
0.032472 70
0.027502 70
0.032495 70
0.027499 70
0.032501 70
0.027508 71
0.032497 70
0.031486 70
0.028510 70
0.031497 67
0.028500 1081
0.027509 70
0.032496 70
0.031493 70
0.028505 70
0.031490 71
0.028507 70
0.031501 70
0.028001 70
0.032496 70
0.028002 70
0.031991 70
0.028000 70
0.491524 70
0.500493 70
0.028002 70
0.031987 70
0.027506 70
0.032503 71
0.033095 70
0.026902 70
0.031503 70
0.028501 70
0.031507 70
0.032482 70
0.027511 70
0.032494 70
0.028000 70
0.031510 71
0.028487 70
0.032163 70
0.027839 70
0.031509 70
0.584026 70
0.272467 70
0.151506 70
4.831999 8
1.132502 3
0.575495 34
0.812503 34
0.047494 34
0.500504 34
0.151506 34
0.084491 34
0.219502 3
0.248003 34
0.536504 34
0.091988 34
0.187505 34
0.028171 2
0.335834 34
0.480494 34
0.423501 34
0.256508 34
0.119493 34
0.168006 34
0.084490 34
0.135502 34
0.040497 76
0.863507 71
0.227999 183
0.344000 81
0.664499 1
0.687514 3
0.620492 141
0.147499 3
0.148000 133
0.160494 3
0.151502 106
0.115996 3
0.500530 134
0.031476 3
0.028519 89
0.031478 127
0.028528 3
0.032038 91
0.027935 3
0.247502 81
0.172495 3
0.167507 87
0.296497 3
0.147499 87
0.156498 3
0.155499 116
0.156502 3
0.163504 81
0.184490 3
0.303509 82
0.576499 70
0.835996 3
0.655512 82
0.256493 3
0.375503 92
1.023990 156
0.040499 78
0.907514 70
0.212499 70
0.623501 70
0.447995 69
0.500497 69
0.028011 69
0.035502 70
0.027988 69
0.031994 69
0.028495 68
0.032008 67
0.028004 1276
0.032028 70
0.247475 70
0.980001 70
0.500497 70
0.028007 70
0.039999 70
0.027492 70
0.032497 71
0.031499 70
0.032498 70
0.028003 70
0.031501 70
0.032498 70
0.031499 70
0.028505 70
0.031496 70
0.027999 70
0.032500 71
0.031513 70
0.027984 70
0.032011 70
0.027988 67
0.032499 948
0.027510 70
3.576501 70
0.499501 70
0.027984 70
0.032014 70
0.027984 71
0.032013 70
0.468011 70
0.192511 70
0.807484 70
0.316497 179
0.371497 70
0.216011 34
1.188493 34
0.127495 1
0.896500 36
0.443510 36
0.112489 1
0.779504 38
0.416502 38
0.127498 38
0.196497 38
0.007487 38
0.476017 41
0.572003 41
0.136491 41
0.499510 38
0.167998 38
0.048484 38
0.147510 38
0.216501 38
0.159502 38
0.144005 38
0.232493 38
0.095500 38
0.183997 38
0.120497 38
0.103997 38
0.135510 38
0.192501 38
0.487499 38
0.128498 38
0.068002 38
0.151508 38
0.228492 38
0.159497 38
0.232499 41
0.931514 38
0.620491 38
0.067500 38
0.256494 38
0.392002 38
0.123509 38
0.076490 38
0.328011 38
0.319494 38
0.200495 38
0.239509 38
0.544493 41
0.872009 44
0.908007 47
0.855489 1
0.664495 10
0.172005 8
1.399499 71
1.000503 71
0.263499 3
1.464508 106
0.607488 34
0.708003 34
0.132493 1
0.299501 36
0.672507 36
0.115993 1
0.643505 112
0.344497 111
0.103506 5
0.200003 5
1.084491 70
0.648003 70
0.579501 10
0.564498 70
0.292005 70
0.595496 1
0.616505 10
0.183496 70
0.500505 34
0.695496 34
0.136493 3
0.203509 34
0.348489 34
0.195501 34
0.128504 2
0.191511 34
0.100489 7
0.311995 1
0.107499 117
0.508065 20
0.160439 8
0.543509 34
0.156491 34
0.115501 34
0.076010 2
0.119986 34
0.144000 34
0.052499 34
0.199503 3
0.280507 34
0.439501 34
0.068490 34
0.119506 34
0.660502 34
0.043494 34
0.156502 3
0.155502 34
0.100001 34
0.152502 3
0.171531 34
0.424470 2
0.195506 34
0.139991 34
0.136501 34
0.132003 34
0.135993 34
0.163999 34
0.647506 34
0.472496 34
0.435499 1
0.292506 34
0.351991 34
0.099500 34
0.152500 34
0.759508 34
0.104492 34
0.311621 2
0.332389 34
0.487995 34
0.087501 3
0.204002 34
0.452498 34
0.115496 34
0.120500 3
0.195503 34
0.704008 34
0.131994 34
0.099992 34
0.108504 34
0.135504 34
0.064499 3
0.291989 34
0.799522 34
0.160483 34
0.107500 3
0.272003 34
0.180496 34
0.116007 34
0.135993 34
0.288003 4
0.499509 34
0.232001 34
1.064502 34
0.415494 34
0.924500 34
0.251498 34
0.212002 34
0.264490 34
0.707510 3
0.660493 34
1.107511 34
0.184493 34
0.195504 34
0.244494 4
0.344001 4
0.099497 34
0.260505 34
0.131992 3
0.623516 34
0.256490 34
0.075503 34
0.408001 34
0.136494 4
0.391505 4
0.200494 4
0.167502 34
0.464499 34
0.163504 34
0.148491 34
0.567516 1
0.480006 34
0.412484 34
0.071500 34
0.192506 3
0.191993 34
0.551507 34
0.236505 34
0.135493 34
0.232491 105
0.547509 34
0.448503 34
0.139499 34
0.212509 3
0.167482 34
0.148505 34
0.139495 34
0.056492 34
0.164017 3
0.179508 34
0.107986 34
0.140495 34
0.131503 34
0.116009 34
0.291995 34
0.144495 1
0.331502 34
0.640006 34
0.136496 3
0.135496 34
0.368505 34
0.123496 34
0.120000 34
0.052493 34
0.191505 3
0.268504 34
0.136001 8
0.415502 34
0.184492 34
0.111500 3
0.152503 34
0.139509 34
0.152489 34
0.043501 34
0.204500 3
0.203507 34
0.356502 34
0.199497 4
0.672501 34
0.367505 34
0.876491 34
0.119498 34
0.172497 34
0.123503 1
0.215999 34
0.188502 34
0.095500 3
0.220506 34
0.147495 34
0.108493 3
0.152006 34
0.219502 34
0.168499 34
0.147495 34
0.212504 34
0.411999 3
0.175503 34
0.088498 34
0.139500 34
0.116496 1
0.251504 34
0.812009 34
0.103994 34
0.080493 34
0.320001 34
0.143508 34
0.059992 2
0.668500 34
3.819546 34
0.084455 34
0.175508 34
0.048489 4
0.800014 4
0.499495 4
0.027997 7
0.027996 1
0.144001 2
0.360004 34
0.168496 34
0.083504 3
0.168005 34
0.696495 34
0.219501 34
0.076496 34
0.507502 34
0.288498 34
0.167512 3
0.415991 34
0.668507 34
0.243495 34
0.208000 34
0.104496 34
0.123505 34
0.156497 34
0.123999 34
0.171502 3
0.312498 34
1.783508 34
0.524492 34
0.035498 34
0.180508 2
0.663995 34
0.499508 7
0.204492 1
0.135496 34
0.184505 34
0.187501 34
0.208499 34
0.555503 4
0.376497 34
0.195500 34
0.208495 34
0.127500 3
0.388505 34
0.643501 34
0.120504 34
0.067492 34
0.160008 34
0.108497 3
0.263997 34
0.163496 34
0.132501 105
1.064009 34
0.707996 34
0.099997 34
0.139500 34
0.128499 3
0.283505 34
0.152493 34
0.139507 1
0.192494 34
0.267511 34
0.128001 34
0.147987 3
0.140505 34
0.143498 34
0.912007 34
0.195998 34
0.120493 34
0.131504 34
0.068500 34
0.263503 71
1.532002 71
0.500494 70
0.036002 72
0.028000 71
0.027508 71
0.028002 71
0.031993 70
0.031998 71
0.028002 71
0.031999 70
0.032488 70
0.031511 70
0.248518 71
1.135982 7
0.299506 3
0.268492 34
0.583506 34
0.132487 1
0.223503 36
0.648512 36
0.107496 1
0.744501 38
5.572002 38
0.195489 151
0.140560 55
0.095447 38
0.104509 38
0.127984 38
0.187509 38
0.100493 38
0.307506 38
0.292497 38
0.171994 38
0.095507 38
0.107994 38
0.088492 38
0.088005 38
0.100009 38
0.139993 38
0.379509 38
0.119994 38
0.171995 38
0.060500 38
0.195535 38
0.304473 38
0.848004 1
0.603507 1
0.136484 1
0.179498 1
0.100497 1
0.103507 1
0.100494 1
0.524003 38
0.439507 2
0.756006 1
0.540498 1
0.675496 38
0.436498 38
0.179502 38
0.092490 38
0.111510 38
0.200499 38
0.167495 38
0.068496 38
0.115506 38
0.151998 38
0.144502 38
0.103512 38
0.151990 38
0.096501 38
0.183498 38
0.100493 38
0.572007 38
0.231505 38
0.328497 38
0.151495 38
0.084497 38
0.847516 1
0.520489 1
0.499503 1
0.027986 1
0.032506 1
0.027495 1
0.032501 1
0.027498 1
0.032494 1
0.027509 1
0.032494 1
0.027504 1
0.032495 1
0.027499 1
0.032507 1
0.027991 1
0.031537 1
0.032473 1
0.027495 1
0.032497 1
0.031501 1
0.028507 1
0.027499 1
0.032494 1
0.031499 1
0.032506 1
0.027998 1
0.031503 1
0.028490 1
0.031506 1
0.028515 1
0.031984 1
0.031505 1
0.028492 1
0.035506 1
0.024002 1
0.032506 1
0.027489 1
0.032502 1
0.027501 1
0.032007 1
0.028492 1
0.031504 1
0.028503 1
0.032001 1
0.031495 1
0.028000 1
0.032502 3
0.431508 38
0.116496 71
0.311506 70
0.868002 70
0.156497 71
0.271505 71
0.144494 70
0.147501 71
0.456501 71
0.171504 71
0.616005 3
0.584496 3
0.159494 34
1.892012 34
0.172484 34
0.071506 4
0.820499 4
0.163499 8
0.152502 34
0.559501 34
0.112498 1
0.267499 36
0.728006 36
0.112490 1
0.523516 38
0.428485 38
0.207503 38
0.060493 38
0.123504 38
0.500519 38
1.487497 38
0.160485 38
0.215512 38
0.167994 38
0.424491 38
0.235511 38
0.556494 38
0.455502 38
0.228002 38
0.199998 38
0.168000 38
0.164495 38
0.231507 38
0.200501 38
0.231994 38
0.127503 38
0.220492 38
0.131505 38
0.124501 38
0.159503 38
0.144495 38
0.355501 38
2.256507 38
0.327497 38
0.251996 38
0.564010 41
0.248487 41
0.135502 153
0.268000 56
0.952504 38
0.307505 38
0.744001 1
0.668493 40
4.127508 40
0.116490 40
0.095500 40
0.092001 43
0.552501 43
0.539996 40
0.583513 40
0.271990 40
0.176498 40
0.019500 40
0.488003 40
3.732006 40
0.168487 1
0.279503 42
0.584005 42
0.128521 42
0.095475 42
0.035994 42
0.132006 42
0.164501 42
0.043988 42
0.127525 3
2.216015 3
0.304469 1
0.767516 3
0.564486 38
0.436001 38
0.259504 38
0.192490 38
0.151509 38
0.156498 38
0.119502 38
0.147996 38
0.356500 38
0.143498 38
0.032500 38
0.879504 38
0.219999 41
0.536504 38
0.327497 38
0.072080 38
0.192416 38
0.232001 38
0.208005 38
1.407502 38
0.208493 38
0.124005 38
0.347997 38
1.443511 38
0.155996 41
0.668496 41
0.607501 41
0.252491 38
1.211522 38
0.080478 38
0.095509 38
0.395998 38
0.232494 38
1.216011 38
0.147510 38
0.188485 38
0.223498 38
0.128497 38
0.191502 38
0.240009 38
0.004019 41
0.283979 41
0.128489 41
0.187505 41
0.368505 38
0.143504 38
0.080490 38
0.315499 38
0.088493 38
0.092005 41
0.251510 41
0.500002 41
0.032491 41
0.027498 41
0.032501 41
0.027498 41
0.032496 41
0.027506 41
0.032496 41
0.031508 41
0.028489 41
0.031508 41
0.028494 41
0.031498 41
0.028505 41
0.031496 41
0.027998 41
0.032501 41
0.031512 41
0.028489 41
0.031516 41
0.027992 41
0.164003 41
0.180496 41
0.499502 41
0.028501 41
0.031502 41
0.031996 41
0.028513 41
0.031985 41
0.027498 41
0.032004 41
0.028492 41
0.159510 38
1.000501 71
0.575501 71
0.268500 71
0.179501 71
0.104495 71
0.499505 72
0.027990 71
0.032546 70
0.027488 71
0.032488 71
0.031491 71
0.676498 70
0.295498 70
0.240497 72
0.256005 71
0.307497 70
0.568500 71
0.247998 70
0.251502 71
0.224008 71
0.248490 70
0.223500 70
0.636501 70
0.407498 73
0.216500 71
0.299511 71
0.480490 72
0.167505 70
0.216503 70
0.175494 71
0.220495 71
0.159509 70
1.600494 71
0.243501 70
0.428495 71
0.336002 70
0.272000 71
0.351505 70
0.168498 34
2.627509 34
0.140488 1
0.439504 3
1.060004 4
0.304488 10
0.431511 70
0.908502 70
0.499497 70
0.028486 70
0.031521 70
0.032483 72
0.027516 70
0.035988 70
0.024005 70
0.031993 70
0.032508 70
0.967996 70
0.499508 70
0.032008 70
0.028483 72
0.032007 70
0.031989 183
0.027569 80
0.031937 70
0.028013 70
0.031987 70
0.032496 70
0.031575 70
0.028439 70
0.031493 71
0.032516 70
0.027484 70
0.032493 70
0.027506 70
0.032495 70
0.031505 70
0.032496 70
0.027497 70
0.032507 70
0.031498 71
0.027997 70
0.031996 70
0.028001 70
0.032003 70
0.032004 70
0.028335 70
0.031665 69
0.032505 69
0.027493 69
0.032503 69
1.019501 69
0.408493 70
0.235506 8
21.948003 95
1.012492 160
0.044003 81
0.623508 70
0.500497 71
0.032007 71
0.031495 71
0.028497 71
0.031500 71
0.032006 71
0.027990 71
0.028024 71
0.032475 70
0.031501 71
0.032498 71
0.027992 71
0.031510 70
0.032491 70
0.031508 72
0.028489 71
0.035505 70
0.028505 71
0.027497 70
0.032505 71
0.027501 71
3.492507 70
0.175992 70
0.499499 70
0.032508 73
0.031493 71
0.031998 71
0.028003 70
0.031994 70
0.028003 1
0.032001 1
0.027999 1
0.031987 1
0.027998 1
0.032001 1
0.027997 1
0.032516 1
0.031491 1
0.028492 1
0.031506 1
0.027993 1
0.032012 71
1.904042 38
0.164462 38
0.171497 38
0.140500 38
0.051998 38
0.183499 38
0.340009 38
0.340497 38
0.459505 38
0.119999 38
0.188497 4
1.207513 4
0.280495 6
0.111497 38
0.616493 38
0.147504 38
0.192492 38
0.135505 38
0.144025 38
0.132468 38
0.183504 38
0.988511 38
0.079487 38
0.160499 38
0.143504 38
0.224008 38
1.175997 38
0.088491 38
0.123502 38
0.184494 38
0.187514 38
0.228496 38
0.575506 38
0.124488 38
0.168003 38
0.107498 38
0.124506 38
0.147497 38
0.288003 38
2.416501 38
0.108000 4
1.171513 8
0.188494 38
0.315488 38
0.160497 38
0.151516 38
0.195989 38
0.192494 38
0.227503 38
0.076498 38
0.391510 38
0.172493 38
0.247497 38
0.188500 38
0.167503 38
0.140007 38
0.243997 38
0.404499 38
0.131498 38
0.076498 38
0.347511 38
0.216488 38
0.223499 38
0.160497 38
0.083510 38
0.148501 38
0.071491 38
0.152498 38
0.191514 38
0.291993 38
0.148499 38
0.179509 38
0.104489 38
0.168000 67
0.388010 147
1.479497 47
0.200504 38
0.143496 38
0.336497 38
0.303505 38
0.184491 38
0.067500 38
0.248002 38
0.352505 38
0.619506 38
0.116492 38
0.331508 38
0.176490 38
0.311502 38
0.324001 38
0.128499 38
0.103502 38
0.187996 38
0.592505 38
0.188001 38
0.051489 38
0.772011 590
0.484538 38
2.035963 38
0.067491 38
0.096006 38
0.147993 38
0.296505 38
0.191502 38
0.128496 38
0.612010 38
0.107989 38
0.187498 38
0.083998 38
0.092499 38
0.107502 38
0.064493 38
0.260008 38
0.783508 38
0.224001 38
0.184497 4
0.736000 104
0.444003 18
5.408021 95
0.183469 160
0.036504 18
0.935508 100
0.188512 69
0.011985 1
2.023996 1
0.267495 1
0.288496 1
0.091503 8
